892420643555336193 37369 8068
892177421306343426 32134 5989
891815181378084864 24225 3959
891689557279858688 40684 8226
891327558926688256 38908 8914
891087950875897856 19558 2966
890971913173991426 11423 1957
890729181411237888 63011 17982
890609185150312448 26905 4065
890240255349198849 30831 7014
890006608113172480 29646 6977
889880896479866881 26898 4746
889665388333682689 46474 9546
889638837579907072 26172 4298
889531135344209921 14612 2143
889278841981685760 24386 5114
888917238123831296 28143 4294
888804989199671297 24705 4065
888554962724278272 19149 3355
888078434458587136 21027 3311
887705289381826560 29167 5127
887517139158093824 44745 11166
887473957103951883 66552 17238
887343217045368832 32523 9946
887101392804085760 29543 5681
886983233522544640 33902 7352
886736880519319552 11609 3087
886680336477933568 21672 4248
886366144734445568 20447 3040
886267009285017600 116 4
886258384151887873 27028 6012
886054160059072513 0 104
885984800019947520 31496 6457
885528943205470208 34754 6123
885518971528720385 19756 3562
885311592912609280 0 17649
885167619883638784 21175 4180
884925521741709313 74660 17322
884876753390489601 26935 5340
884562892145688576 23480 4470
884441805382717440 26113 5420
884247878851493888 70427 19518
884162670584377345 19674 2848
883838122936631299 21130 3283
883482846933004288 44384 9435
883360690899218434 21927 3534
883117836046086144 35904 6340
882992080364220416 23116 3735
882762694511734784 27331 4669
882627270321602560 26990 5802
882268110199369728 43396 11050
882045870035918850 28328 4708
881906580714921986 23493 3246
881666595344535552 48930 10181
881633300179243008 123 7
881536004380872706 47763 15217
881268444196462592 22381 4980
880935762899988482 16477 2661
880872448815771648 20569 3651
880465832366813184 27550 5967
880221127280381952 26105 4026
880095782870896641 26712 4147
879862464715927552 21597 3333
879674319642796034 302 10
879492040517615616 22676 3037
879415818425184262 102363 42303
879376492567855104 16257 2975
879130579576475649 0 6493
879050749262655488 21788 4484
879008229531029506 18344 2571
878776093423087618 18765 3939
878604707211726852 29218 6856
878404777348136964 0 1230
878316110768087041 0 6370
878281511006478336 7480 1230
878057613040115712 40690 6493
877736472329191424 76969 18220
877611172832227328 0 78
877556246731214848 21976 3653
877316821321428993 26511 4962
877201837425926144 26243 5351
876838120628539392 20028 3195
876537666061221889 22815 4458
876484053909872640 18175 2291
876120275196170240 27046 4476
875747767867523072 24377 4109
875144289856114688 21243 4730
875097192612077568 26557 5816
875021211251597312 24667 4531
874680097055178752 26972 4455
874434818259525634 0 14062
874296783580663808 25239 3949
874057562936811520 22015 3796
874012996292530176 33462 9970
873580283840344065 23483 3785
873337748698140672 0 1526
873213775632977920 6993 1527
872967104147763200 26486 5210
872820683541237760 14282 3566
872620804844003328 20165 3536
872486979161796608 39569 8690
872122724285648897 33418 7840
871879754684805121 36764 10723
871762521631449091 19705 3361
871515927908634625 19620 3341
871166179821445120 0 5499
871102520638267392 20368 5338
871032628920680449 22103 3689
870804317367881728 32741 5994
870726314365509632 117 3
870656317836468226 12082 2562
870374049280663552 80678 25503
870308999962521604 21323 4030
870063196459192321 35737 8086
869772420881756160 41449 9757
869702957897576449 27574 6156
869596645499047938 15603 3047
869227993411051520 19958 3672
868880397819494401 64029 14058
868639477480148993 0 2035
868622495443632128 26136 5162
868552278524837888 9886 2035
867900495410671616 23689 4078
867774946302451713 33242 7165
867421006826221569 15785 2434
867072653475098625 0 119
867051520902168576 31583 7682
866720684873056260 19659 4701
866686824827068416 18905 3393
866450705531457537 119964 34483
866334964761202691 51518 14062
866094527597207552 0 8206
865718153858494464 25173 5500
865359393868664832 25994 4898
865006731092295680 27510 7524
864873206498414592 31721 8537
864279568663928832 14356 2964
864197398364647424 29590 8747
863907417377173506 20283 4054
863553081350529029 15059 4112
863471782782697472 0 2395
863432100342583297 23453 5145
863427515083354112 2205 94
863079547188785154 8640 1086
863062471531167744 8368 2395
862831371563274240 18898 5051
862722525377298433 16831 3476
862457590147678208 20216 4880
862096992088072192 73411 22881
861383897657036800 35671 10555
861288531465048066 16978 4094
861005113778896900 16519 3755
860981674716409858 0 2127
860924035999428608 0 802
860563773140209665 7428 2127
860524505164394496 23358 5225
860276583193509888 18133 3445
860184849394610176 16504 5794
860177593139703809 0 30612
859924526012018688 19381 4042
859851578198683649 15270 3482
859607811541651456 18417 1558
859196978902773760 89066 29955
859074603037188101 33590 13519
858860390427611136 0 8081
858843525470990336 15439 3469
858471635011153920 21344 4811
858107933456039936 15619 2893
857989990357356544 16022 2575
857746408056729600 34052 10607
857393404942143489 5863 1638
857263160327368704 19919 4506
857214891891077121 227 17
857062103051644929 0 170
857029823797047296 18856 4009
856543823941562368 16217 2888
856526610513747968 11814 1882
856330835276025856 0 674
856288084350160898 516 17
856282028240666624 27656 6311
855862651834028034 345 26
855860136149123072 4992 1022
855857698524602368 11852 2119
855851453814013952 45526 17908
855818117272018944 26617 5463
855459453768019968 29900 8253
855245323840757760 0 6011
855138241867124737 0 45
854732716440526848 22884 6131
854482394044301312 29369 6928
854365224396361728 18946 4731
854120357044912130 32119 7554
854010172552949760 16256 3186
853760880890318849 28733 5831
853639147608842240 35010 10243
853299958564483072 15609 3597
852936405516943360 0 2034
852912242202992640 9133 1859
852672615818899456 15054 2187
852553447878664193 16473 3561
852311364735569921 33443 10064
852226086759018497 20196 6922
852189679701164033 11578 1615
851861385021730816 0 21
851591660324737024 16410 3540
851464819735769094 24535 7209
851224888060895234 20919 5838
850753642995093505 31308 9411
850380195714523136 13249 2663
850333567704068097 3492 342
850145622816686080 16558 3901
850019790995546112 20721 4983
849776966551130114 30929 7770
849668094696017920 0 5073
849412302885593088 16111 3218
849336543269576704 11579 1946
849051919805034497 43088 8705
848690551926992896 25607 4426
848324959059550208 25181 4713
848213670039564288 8324 760
848212111729840128 16619 3140
847978865427394560 0 3342
847971574464610304 0 442
847962785489326080 23944 5228
847842811428974592 5555 1364
847617282490613760 7115 433
847606175596138505 19125 3504
847251039262605312 20855 4405
847157206088847362 20315 6028
847116187444137987 21842 3279
846874817362120707 20480 4036
846514051647705089 45527 11939
846505985330044928 14402 3166
846153765933735936 32335 9323
846139713627017216 31557 10244
846042936437604353 16335 2965
845812042753855489 29904 8995
845677943972139009 25705 4932
845397057150107648 7801 1859
845306882940190720 23861 5569
845098359547420673 0 7896
844979544864018432 13939 2645
844973813909606400 15443 3311
844580511645339650 16868 3241
844223788422217728 13951 2276
843981021012017153 15503 3035
843856843873095681 21946 4782
843604394117681152 17292 2846
843235543001513987 22051 6242
842846295480000512 15613 3750
842765311967449089 6919 1326
842535590457499648 18549 3625
842163532590374912 25098 6011
842115215311396866 14354 3149
841833993020538882 0 15813
841680585030541313 26321 8059
841439858740625411 12970 3820
841320156043304961 20315 5672
841314665196081154 16244 4845
841077006473256960 23475 5499
840761248237133825 0 1825
840728873075638272 0 16774
840698636975636481 181 2
840696689258311684 12627 1018
840632337062862849 9230 1825
840370681858686976 16915 4727
840268004936019968 19813 5937
839990271299457024 13789 2383
839549326359670784 28263 8081
839290600511926273 0 148
839239871831150596 27978 6792
838952994649550848 20192 4149
838921590096166913 11490 2153
838916489579200512 0 36
838831947270979586 0 11500
838561493054533637 11241 1382
838476387338051585 23248 5006
838201503651401729 0 10485
838150277551247360 1727 348
838085839343206401 145 1
838083903487373313 18139 3287
837820167694528512 35199 8206
837482249356513284 3948 459
837471256429613056 13181 2368
837110210464448512 16532 2485
836989968035819520 13104 2395
836753516572119041 19884 4830
836677758902222849 13000 2321
836648853927522308 0 570
836397794269200385 0 28883
836380477523124226 15216 3109
836260088725786625 21958 4480
836001077879255040 19694 4466
835685285446955009 0 8496
835574547218894849 18368 3780
835536468978302976 0 1786
835309094223372289 0 21973
835297930240217089 16966 3138
835264098648616962 7977 1786
835246439529840640 2165 74
835172783151792128 26988 6007
835152434251116546 23176 3161
834931633769889797 11173 1726
834786237630337024 21924 5749
834574053763584002 14124 2657
834477809192075265 0 11187
834458053273591808 9935 1764
834209720923721728 21284 4995
834167344700198914 16309 3816
834089966724603904 10377 2226
834086379323871233 13487 2311
833863086058651648 13865 2509
833826103416520705 18618 3926
833732339549220864 0 226
833722901757046785 21447 3365
833479644947025920 15345 2145
833124694597443584 20887 5073
832998151111966721 13743 2321
832769181346996225 0 39
832757312314028032 17392 3794
832682457690300417 12295 3062
832645525019123713 3026 546
832636094638288896 16398 2919
832397543355072512 12344 2329
832369877331693569 17770 3342
832273440279240704 11709 2452
832215909146226688 0 6508
832215726631055365 0 9816
832088576586297345 67 2
832040443403784192 0 10151
832032802820481025 18468 4884
831939777352105988 24830 6434
831926988323639298 352 34
831911600680497154 28629 6836
831670449226514432 10819 1906
831650051525054464 7433 2034
831552930092285952 9308 2412
831322785565769729 9566 1615
831315979191906304 6765 1176
831309418084069378 12156 2576
831262627380748289 12342 2147
830956169170665475 8259 1567
830583320585068544 69300 17649
830173239259324417 0 5990
830097400375152640 10182 3137
829878982036299777 0 5296
829861396166877184 12681 2059
829501995190984704 32930 11187
829449946868879360 10861 2127
829141528400556032 25359 7785
829011960981237760 55053 17132
828801551087042563 0 3570
828770345708580865 26526 6177
828708714936930305 37959 11829
828650029636317184 9878 1420
828409743546925057 6563 1215
828408677031882754 7970 1361
828381636999917570 13111 2344
828376505180889089 7668 1129
828372645993398273 13042 3113
828361771580813312 2286 178
828046555563323392 12206 3017
828011680017821696 10756 2263
827933404142436356 20896 5516
827653905312006145 16064 3175
827600520311402496 7689 993
827324948884643840 16452 3221
827199976799354881 10982 2363
826958653328592898 22411 5296
826848821049180160 37863 10780
826615380357632002 0 4180
826598799820865537 5305 265
826598365270007810 10457 2475
826476773533745153 19164 4442
826240494070030336 13811 2742
826204788643753985 5067 977
826115272272650244 16292 3310
825876512159186944 10877 1982
825829644528148480 13253 2629
825535076884762624 54305 18210
825147591692263424 19051 4809
825120256414846976 0 1355
825026590719483904 6599 1355
824796380199809024 0 5806
824775126675836928 15558 3718
824663926340194305 10494 1835
824325613288833024 12294 11033
824297048279236611 15691 4081
824025158776213504 4988 622
823939628516474880 11078 2872
823719002937630720 0 11856
823699002998870016 14500 2660
823581115634085888 13577 2799
823333489516937216 730 26
823322678127919110 16409 4255
823269594223824897 0 10438
822975315408461824 18020 3643
822872901745569793 137595 46173
822859134160621569 13810 2422
822647212903690241 0 6777
822610361945911296 15420 3138
822489057087389700 18946 6777
822462944365645825 29548 15419
822244816520155136 36520 10438
822163064745328640 0 5075
821886076407029760 11821 2466
821813639212650496 0 3544
821765923262631936 8774 1752
821522889702862852 8375 1878
821421320206483457 0 5936
821407182352777218 12299 4599
821153421864615936 265 10
821149554670182400 9081 2130
821107785811234820 10017 2250
821044531881721856 13209 2430
820837357901512704 0 7119
820749716845686786 32927 10485
820690176645140481 12742 3420
820494788566847489 0 601
820446719150292993 0 2730
820314633777061888 3482 601
820078625395449857 20685 6652
820013781606658049 0 1257
819952236453363712 5562 1257
819924195358416896 13469 5151
819711362133872643 14047 3315
819588359383371776 10022 2091
819347104292290561 7542 1278
819238181065359361 2387 430
819227688460238848 24139 7119
819015337530290176 0 39061
819015331746349057 0 20094
819006400881917954 47276 20094
819004803107983360 90736 39064
818646164899774465 0 22224
818627210458333184 23368 7979
818614493328580609 10301 2741
818588835076603904 0 6542
818536468981415936 11408 2630
818307523543449600 0 8636
818259473185828864 11526 2424
818145370475810820 12831 2749
817908911860748288 5074 840
817827839487737858 54196 28883
817777686764523521 11219 2855
817536400337801217 12334 3206
817502432452313088 0 3611
817423860136083457 35653 15813
817415592588222464 5872 1022
817181837579653120 0 9015
817171292965273600 9138 2144
817120970343411712 12773 2773
817056546584727552 8988 1753
816829038950027264 0 5011
816816676327063552 10502 2167
816697700272001025 10260 2338
816450570814898180 31998 8636
816336735214911488 9011 2072
816091915477250048 9361 2299
816062466425819140 0 1100
816014286006976512 0 5630
815990720817401858 5215 1100
815966073409433600 23476 9015
815745968457060357 0 4409
815736392542261248 10313 2417
815639385530101762 8610 1745
815390420867969024 10866 4046
814986499976527872 8018 1371
814638523311648768 11810 2891
814578408554463233 0 6182
814530161257443328 9057 1973
814153002265309185 30206 9245
813944609378369540 0 3395
813910438903693312 9756 1993
813812741911748608 38178 14893
813800681631023104 8759 1875
813217897535406080 19585 7791
813202720496779264 9648 1917
813187593374461952 20835 4652
813172488309972993 9773 2045
813157409116065792 8140 2357
813142292504645637 8864 2517
813130366689148928 4691 476
813127251579564032 12429 3340
813112105746448384 10820 2940
813096984823349248 11046 3846
813081950185472002 10362 2952
813066809284972545 8361 2079
813051746834595840 21989 7827
812781120811126785 7963 2038
812709060537683968 6953 1524
812503143955202048 6378 1302
812466873996607488 8384 2054
812372279581671427 14382 3918
811985624773361665 7627 1499
811744202451197953 7930 1701
811647686436880384 5874 791
811627233043480576 13421 3312
811386762094317568 21942 6806
810984652412424192 5611 1540
810896069567610880 9492 1898
810657578271330305 11522 2826
810284430598270976 37136 12133
810254108431155201 15429 3570
809920764300447744 16283 4180
809808892968534016 0 5220
809448704142938112 7289 1563
809220051211603969 20942 5990
809084759137812480 13903 3761
808838249661788160 10622 3259
808733504066486276 8315 2314
808501579447930884 11861 2770
808344865868283904 44728 22224
808134635716833280 0 6344
808106460588765185 9214 2351
808001312164028416 13210 3783
807621403335917568 15302 3906
807106840509214720 124753 59394
807059379405148160 0 7814
807010152071229440 13733 4096
806629075125202948 78833 37150
806620845233815552 0 5912
806576416489959424 5116 2067
806542213899489280 10753 2511
806242860592926720 0 12457
806219024703037440 6765 1274
805958939288408065 0 5731
805932879469572096 8707 2044
805826884734976000 6922 1960
805823200554876929 0 8577
805520635690676224 6056 1763
805487436403003392 9250 2709
805207613751304193 8202 1819
804738756058218496 14422 4099
804475857670639616 6456 2147
804413760345620481 0 3444
804026241225523202 46910 17310
803773340896923648 10571 2953
803692223237865472 0 7933
803638050916102144 11540 4400
803380650405482500 8158 1983
803321560782307329 0 5679
803276597545603072 10557 2631
802952499103731712 9509 2144
802624713319034886 0 3112
802600418706604034 7482 1576
802572683846291456 9423 2679
802323869084381190 17056 6227
802265048156610565 6946 1455
802239329049477120 9541 2797
802185808107208704 0 283
801958328846974976 8135 1824
801854953262350336 1859 249
801538201127157760 8627 2204
801285448605831168 6364 885
801167903437357056 25814 6344
801127390143516673 0 4232
801115127852503040 8503 2244
800859414831898624 723 101
800855607700029440 0 1734
800751577355128832 11083 2971
800513324630806528 13835 3216
800459316964663297 9988 2307
800443802682937345 0 4610
800388270626521089 11745 3001
800188575492947969 0 4225
800141422401830912 16130 2730
800018252395122689 29903 14094
799774291445383169 0 5001
799757965289017345 8837 2314
799422933579902976 8481 2049
799308762079035393 0 5886
799297110730567681 10429 2957
799063482566066176 8499 2642
798933969379225600 13818 4787
798925684722855936 7850 1520
798705661114773508 0 7077
798701998996647937 0 8318
798697898615730177 0 6940
798694562394996736 0 5291
798686750113755136 0 2482
798682547630837760 0 5036
798673117451325440 0 5937
798665375516884993 0 4167
798644042770751489 0 1984
798628517273620480 0 2102
798585098161549313 0 6106
798576900688019456 0 6249
798340744599797760 0 3591
798209839306514432 10938 2735
797971864723324932 12263 3351
797545162159308800 15307 5186
797236660651966464 21022 7103
797165961484890113 237 28
796904159865868288 0 9511
796865951799083009 8087 2036
796759840936919040 12495 3268
796563435802726400 0 7798
796484825502875648 7988 1883
796387464403357696 11585 4460
796177847564038144 0 15310
796149749086875649 34035 15310
796125600683540480 5210 1916
796116448414461957 9605 2578
796080075804475393 8918 2479
796031486298386433 11405 3948
795464331001561088 52423 25453
795400264262053889 10631 3080
795076730285391872 17089 5806
794983741416415232 0 3614
794926597468000259 10828 2464
794355576146903043 0 10999
794332329137291264 10084 2843
794205286408003585 9702 3541
793962221541933056 17716 5220
793845145112371200 9714 2000
793614319594401792 0 3335
793601777308463104 8404 1741
793500921481273345 11269 2547
793286476301799424 25918 9816
793271401113350145 9131 2546
793256262322548741 21077 8928
793241302385262592 11081 3506
793226087023144960 10368 3069
793210959003287553 9414 2999
793195938047070209 16104 6022
793180763617361921 7315 2131
793165685325201412 9923 2975
793150605191548928 6513 1815
793135492858580992 6804 2656
793120401413079041 13370 4186
792913359805018113 15105 4264
792883833364439040 11916 4563
792773781206999040 7739 1791
792394556390137856 14152 4581
792050063153438720 7549 1931
791821351946420224 0 22507
791784077045166082 0 10293
791780927877898241 0 4079
791774931465953280 47534 23713
791672322847637504 12366 3335
791406955684368384 13814 4409
791312159183634433 9254 2707
791026214425268224 0 4392
790987426131050500 10396 2277
790946055508652032 17516 5011
790723298204217344 0 2472
790698755171364864 8640 2047
790581949425475584 21770 7686
790337589677002753 8230 1992
790277117346975746 13220 3395
790227638568808452 0 3813
789986466051088384 9727 2472
789960241177853952 0 4404
789903600034189313 10912 4400
789628658055020548 7904 1899
789599242079838210 7119 2057
789530877013393408 12393 3614
789314372632018944 9078 2455
789280767834746880 0 5276
789268448748703744 9598 2772
789137962068021249 10209 2990
788908386943430656 28841 13239
788765914992902144 28843 10999
788552643979468800 0 7695
788412144018661376 16366 5650
788178268662984705 7608 2255
788150585577050112 6457 1387
788070120937619456 0 3651
788039637453406209 6468 1411
787810552592695296 9132 3265
787717603741622272 10748 2970
787397959788929025 11408 3022
787322443945877504 8198 1866
787111942498508800 0 7194
786963064373534720 27978 8496
786729988674449408 0 2558
786709082849828864 19142 6508
786664955043049472 11185 2723
786595970293370880 9895 3315
786363235746385920 11450 3734
786286427768250368 8383 3052
786233965241827333 16060 5075
786051337297522688 1501 162
786036967502913536 0 7523
785927819176054784 11954 3372
785872687017132033 7026 1939
785639753186217984 8213 2368
785533386513321988 9567 2128
785515384317313025 6401 1346
785264754247995392 7634 1741
785170936622350336 12663 5166
784826020293709826 10631 3444
784517518371221505 9404 2703
784431430411685888 5982 1369
784183165795655680 21130 8577
784057939640352768 31350 11856
783839966405230592 31508 11500
783821107061198850 7715 2084
783695101801398276 10956 3426
783466772167098368 8872 2389
783391753726550016 17706 5851
783347506784731136 0 5956
783334639985389568 30637 12457
783085703974514689 8540 2356
782969140009107456 25293 7814
782747134529531904 7840 1490
782722598790725632 18118 5731
782598640137187329 8165 1999
782305867769217024 17471 5936
782021823840026624 0 6601
781955203444699136 11657 3573
781661882474196992 10948 2876
781655249211752448 4193 1193
781524693396357120 21758 5912
781308096455073793 7471 2705
781251288990355457 8838 2223
781163403222056960 10262 2910
780931614150983680 22663 7798
780858289093574656 7535 2129
780800785462489090 5762 1385
780601303617732608 12679 3544
780543529827336192 6601 1837
780496263422808064 0 3931
780476555013349377 0 122
780459368902959104 5543 1142
780192070812196864 9105 2377
780092040432480260 0 2448
780074436359819264 12802 5299
779834332596887552 19852 7523
779377524342161408 9236 3310
779124354206535695 0 19550
779123168116150273 12371 3881
779056095788752897 15488 4811
778990705243029504 20939 7674
778774459159379968 0 10560
778764940568104960 903 387
778748913645780993 7219 1395
778650543019483137 6039 1594
778624900596654080 4849 1069
778408200802557953 14295 4594
778396591732486144 0 12984
778383385161035776 6116 1169
778286810187399168 10881 3490
778039087836069888 8878 2789
778027034220126208 6858 1716
777953400541634568 0 3755
777885040357281792 6648 1733
777684233540206592 11752 3112
777641927919427584 0 4495
777621514455814149 9163 2637
777189768882946048 14954 4569
776819012571455488 0 14547
776813020089548800 5102 1291
776477788987613185 9245 2954
776249906839351296 0 9683
776218204058357768 31346 16925
776201521193218049 10047 2671
776113305656188928 12281 4610
776088319444877312 1916 160
775898661951791106 0 17407
775842724423557120 12255 2826
775733305207554048 14483 4232
775729183532220416 13525 4861
775364825476165632 7753 3153
775350846108426240 10618 4121
775085132600442880 16260 5001
774757898236878852 8961 1886
774639387460112384 7022 1829
774314403806253056 22770 5886
773985732834758656 11200 4098
773922284943896577 6681 1837
773704687002451968 6899 1714
773670353721753600 5562 1377
773547596996571136 23078 6542
773336787167145985 0 5388
773308824254029826 24305 7896
773247561583001600 9846 3423
773191612633579521 10432 4368
772877495989305348 8940 4097
772826264096874500 8374 2477
772615324260794368 0 3559
772581559778025472 6770 1786
772193107915964416 6312 1466
772152991789019136 3963 1183
772117678702071809 3931 784
772114945936949249 2832 499
772102971039580160 4185 988
771908950375665664 6865 2001
771770456517009408 12531 3591
771500966810099713 8626 2771
771380798096281600 10958 5388
771171053431250945 0 7981
771136648247640064 9555 3085
771102124360998913 6519 1516
771014301343748096 7165 1741
771004394259247104 0 229
770787852854652928 5155 1279
770772759874076672 5411 1496
770655142660169732 7641 1848
770414278348247044 6575 2196
770293558247038976 6503 1577
770093767776997377 0 3216
770069151037685760 7899 2418
769940425801170949 32735 10150
769695466921623552 6667 1748
769335591808995329 0 8118
769212283578875904 5636 1813
768970937022709760 15042 6893
768909767477751808 0 2835
768855141948723200 4380 938
768609597686943744 4290 1267
768596291618299904 5238 1345
768554158521745409 0 6145
768473857036525572 14213 3624
768193404517830656 11365 3755
767884188863397888 4962 1468
767754930266464257 16713 5679
767500508068192258 7804 2460
767191397493538821 12786 3995
767122157629476866 10555 3004
766864461642756096 0 5961
766793450729734144 5292 1424
766714921925144576 2714 404
766693177336135680 4193 835
766423258543644672 6273 1677
766313316352462849 7070 1983
766078092750233600 0 2742
766069199026450432 4441 901
766008592277377025 3908 522
765719909049503744 7537 2250
765669560888528897 5414 1283
765395769549590528 27574 3587
765371061932261376 7382 2275
765222098633691136 12096 3559
764857477905154048 6702 1867
764259802650378240 6281 1594
763956972077010945 778 57
763837565564780549 13110 4392
763183847194451968 5610 1555
763167063695355904 0 3177
763103485927849985 7673 2403
762699858130116608 12661 3813
762471784394268675 11722 6800
762464539388485633 10726 4404
762316489655476224 4999 1182
762035686371364864 33253 16421
761976711479193600 5615 2117
761750502866649088 0 4143
761745352076779520 4432 899
761672994376806400 51535 30612
761599872357261312 4290 1241
761371037149827077 0 18970
761334018830917632 5407 1525
761292947749015552 4645 1152
761227390836215808 5520 1639
761004547850530816 11782 3651
760893934457552897 3967 1023
760656994973933572 6882 2008
760641137271070720 5159 1357
760539183865880579 7885 3821
760521673607086080 4395 1469
760290219849637889 27902 12103
760252756032651264 4107 911
760190180481531904 5930 1896
760153949710192640 0 31
759943073749200896 6168 2199
759923798737051648 15247 5961
759846353224826880 6973 2072
759793422261743616 6195 2001
759566828574212096 0 22192
759557299618865152 4878 1233
759447681597108224 8839 2558
759446261539934208 1733 507
759197388317847553 6295 2052
759159934323924993 0 1227
759099523532779520 15087 4376
759047813560868866 6756 2128
758854675097526272 3686 936
758828659922702336 11623 4038
758740312047005698 5953 1693
758474966123810816 3961 1045
758467244762497024 4983 2337
758405701903519748 5395 2029
758355060040593408 3549 1143
758099635764359168 19909 10560
758041019896193024 2806 392
757741869644341248 7142 3425
757729163776290825 0 8480
757725642876129280 4704 1276
757611664640446465 4743 1166
757597904299253760 0 309
757596066325864448 4500 1110
757400162377592832 15727 7196
757393109802180609 6041 1822
757354760399941633 4691 1498
756998049151549440 6521 2085
756939218950160384 6892 2109
756651752796094464 5242 1372
756526248105566208 10801 3782
756303284449767430 4095 1142
756288534030475264 44454 18310
756275833623502848 6665 1603
755955933503782912 7609 3029
755206590534418437 17072 5619
755110668769038337 22028 11655
754874841593970688 0 8379
754856583969079297 7142 2654
754747087846248448 2671 549
754482103782404096 5510 2052
754449512966619136 3892 762
754120377874386944 8148 2455
753655901052166144 6047 2267
753420520834629632 8219 3738
753398408988139520 5983 2013
753375668877008896 7916 2448
753298634498793472 0 6023
753294487569522689 3505 1099
753039830821511168 38519 21973
753026973505581056 4047 1021
752932432744185856 13095 7194
752917284578922496 7148 1656
752701944171524096 0 3026
752682090207055872 6206 1683
752660715232722944 4554 1645
752568224206688256 5731 2395
752519690950500352 7643 3617
752334515931054080 3945 1157
752309394570878976 0 17381
752173152931807232 6162 1921
751950017322246144 3178 974
751937170840121344 5387 1410
751830394383790080 6004 2043
751793661361422336 6069 3038
751598357617971201 8188 3186
751583847268179968 4556 1161
751538714308972544 5221 1323
751456908746354688 3314 1048
751251247299190784 12957 6166
751205363882532864 6539 1911
751132876104687617 5241 1361
750868782890057730 4954 1446
750719632563142656 13665 5276
750506206503038976 4598 1189
750429297815552001 13625 4495
750383411068534784 4720 1193
750381685133418496 726 28
750147208377409536 3222 1005
750132105863102464 3765 1346
750117059602808832 4486 1363
750101899009982464 3149 883
750086836815486976 2247 565
750071704093859840 8146 3502
750056684286914561 3259 941
750041628174217216 3284 649
750026558547456000 2804 824
750011400160841729 3349 950
749996283729883136 3162 849
749981277374128128 5290 2570
749774190421639168 4821 1372
749417653287129088 6313 1737
749403093750648834 2712 561
749395845976588288 8879 3608
749317047558017024 5666 2325
749075273010798592 5955 2161
749064354620928000 4955 1583
749036806121881602 3208 820
748977405889503236 11099 3560
748932637671223296 6026 2369
748705597323898880 2857 989
748699167502000129 4899 1666
748692773788876800 4381 1382
748575535303884801 6272 2072
748568946752774144 2260 696
748346686624440324 5384 1291
748337862848962560 7922 4295
748324050481647620 3812 796
748307329658011649 3784 739
748220828303695873 14626 8153
747963614829678593 5965 2233
747933425676525569 6836 2661
747885874273214464 3044 1026
747844099428986880 2901 780
747816857231626240 5001 1215
747651430853525504 1429 161
747648653817413632 13336 6103
747600769478692864 2395 578
747594051852075008 3807 1096
747512671126323200 5709 1658
747461612269887489 3992 1076
747439450712596480 5604 2005
747242308580548608 0 2999
747219827526344708 5461 1643
747204161125646336 3485 955
747103485104099331 9887 4160
746906459439529985 2991 310
746872823977771008 6181 2236
746818907684614144 5466 1803
746790600704425984 5026 1657
746757706116112384 9873 4079
746726898085036033 6229 1863
746542875601690625 5195 1947
746521445350707200 0 1022
746507379341139972 4784 1122
746369468511756288 6368 1705
746131877086527488 7131 2300
746056683365994496 3657 844
745789745784041472 4149 1113
745712589599014916 7211 2422
745433870967832576 7309 2651
745422732645535745 8858 2535
745314880350101504 7395 2889
745074613265149952 8075 3663
745057283344719872 7459 2372
744995568523612160 3055 644
744971049620602880 8134 2806
744709971296780288 5777 1626
744334592493166593 6983 2216
744234799360020481 161446 81449
744223424764059648 1730 383
743980027717509120 4294 1140
743895849529389061 3749 995
743835915802583040 0 2170
743609206067040256 4621 1438
743595368194129920 18991 6835
743545585370791937 3638 975
743510151680958465 8160 3862
743253157753532416 4353 1272
743222593470234624 6387 1977
743210557239623680 3963 1417
742534281772302336 7262 3696
742528092657332225 4556 2064
742465774154047488 7473 4041
742423170473463808 10103 3931
742385895052087300 7010 2059
742161199639494656 4474 1435
742150209887731712 5282 1609
741793263812808706 4681 1570
741743634094141440 8418 2880
741438259667034112 3775 863
741303864243200000 9045 3348
741099773336379392 10315 5753
741067306818797568 9751 3216
740995100998766593 6564 2872
740711788199743490 3509 973
740699697422163968 2917 811
740676976021798912 18691 7077
740373189193256964 35830 13809
740365076218183684 2541 447
740359016048689152 3391 888
740214038584557568 6881 2048
739979191639244800 20550 6145
739932936087216128 4170 1123
739844404073074688 3910 890
739623569819336705 3893 1415
739606147276148736 5517 1719
739544079319588864 40781 22192
739485634323156992 7374 3043
739238157791694849 119277 60349
738891149612572673 111 6
738885046782832640 3876 1185
738883359779196928 3408 834
738537504001953792 5239 1613
738402415918125056 3329 868
738184450748633089 4433 1252
738166403467907072 9034 3528
738156290900254721 2581 673
737826014890496000 5412 1829
737800304142471168 10276 3601
737678689543020544 5169 1379
737445876994609152 10553 4622
737322739594330112 3697 837
737310737551491075 15089 7690
736736130620620800 4412 1800
736392552031657984 18222 7695
736365877722001409 4096 1293
736225175608430592 8340 2872
736010884653420544 8103 3099
735991953473572864 3695 1189
735648611367784448 4126 1142
735635087207878657 6349 2423
735274964362878976 13357 5249
735256018284875776 3425 915
735137028879360001 3206 1001
734912297295085568 2820 541
734787690684657664 12910 6521
734776360183431168 2580 564
734559631394082816 1527 411
733828123016450049 3667 811
733822306246479872 3762 1049
733482008106668032 3222 978
733460102733135873 4319 1332
733109485275860992 50580 17407
732732193018155009 2504 553
732726085725589504 3633 915
732585889486888962 3773 805
732375214819057664 8307 2609
732005617171337216 15309 5630
731285275100512256 3575 1011
731156023742988288 3930 1314
730924654643314689 6302 2050
730573383004487680 5043 2214
730427201120833536 3570 1084
730211855403241472 3924 1087
730196704625098752 4987 1996
729854734790754305 4148 1169
729838605770891264 1756 396
729823566028484608 4090 1281
729463711119904772 5944 2398
729113531270991872 1930 335
728986383096946689 3234 845
728760639972315136 4797 1770
728751179681943552 2847 700
728653952833728512 3395 1072
728409960103686147 5037 2076
728387165835677696 3768 991
728046963732717569 4427 1225
728035342121635841 4675 1721
728015554473250816 4210 1143
727685679342333952 3017 656
727644517743104000 6033 1807
727524757080539137 4577 1267
727314416056803329 3416 770
727286334147182592 3118 840
727175381690781696 3998 1430
727155742655025152 3734 1373
726935089318363137 7070 2538
726887082820554753 3932 1564
726828223124897792 3649 1032
726224900189511680 4518 1183
725842289046749185 7227 2742
725786712245440512 4265 1413
725729321944506368 5322 1851
725458796924002305 1443 636
724983749226668032 3808 1348
724771698126512129 2433 662
724405726123311104 5413 1691
724049859469295616 4430 1830
724046343203856385 2725 576
724004602748780546 4291 1620
723912936180330496 3994 1271
723688335806480385 7871 3062
723673163800948736 3090 920
723179728551723008 5410 1927
722974582966214656 4202 1615
722613351520608256 5093 1689
721503162398597120 4741 1925
721001180231503872 2591 635
720785406564900865 3195 791
720775346191278080 2546 692
720415127506415616 4234 1550
720389942216527872 6544 2597
720340705894408192 2940 1008
720059472081784833 3979 1156
720043174954147842 5024 2075
719991154352222208 4955 1802
719704490224398336 4671 1495
719551379208073216 5179 1985
719367763014393856 2861 766
719339463458033665 4525 1288
719332531645071360 3503 986
718971898235854848 3573 1122
718939241951195136 5378 1821
718631497683582976 19315 8318
718613305783398402 2494 496
718540630683709445 2534 1050
718460005985447936 2765 541
718454725339934721 4975 1554
718246886998687744 1981 515
718234618122661888 3974 1036
717841801130979328 2522 616
717790033953034240 2951 1156
717537687239008257 5900 1900
717428917016076293 1652 466
717421804990701568 3228 869
717047459982213120 6438 1987
717009362452090881 3337 1007
716802964044845056 4402 1218
716791146589110272 7458 1581
716730379797970944 1266 444
716447146686459905 13398 6098
716439118184652801 2429 217
716285507865542656 2844 1116
716080869887381504 6905 1973
715928423106027520 3270 907
715758151270801409 3815 1483
715733265223708672 4788 1740
715704790270025728 2878 584
715696743237730304 4006 1336
715680795826982913 4431 1677
715360349751484417 5604 1625
715342466308784130 3108 714
715220193576927233 2479 676
715200624753819648 5263 1945
715009755312439296 4273 1276
714982300363173890 3844 1066
714962719905021952 7540 4425
714957620017307648 4231 1460
714631576617938945 3349 1035
714606013974974464 3727 949
714485234495041536 2762 1188
714258258790387713 3100 737
714251586676113411 3355 858
714214115368108032 2333 905
714141408463036416 4419 1444
713919462244790272 3373 802
713909862279876608 1966 552
713900603437621249 2913 760
713761197720473600 4999 1422
713411074226274305 4533 1336
713177543487135744 7411 2927
713175907180089344 4580 1513
712809025985978368 19036 6940
712717840512598017 12670 5163
712668654853337088 4276 1249
712438159032893441 5465 1608
712309440758808576 247 25
712097430750289920 3886 1074
712092745624633345 3014 920
712085617388212225 3342 499
712065007010385924 2323 650
711998809858043904 0 130
711968124745228288 8278 2391
711743778164514816 2921 1019
711732680602345472 9111 4275
711694788429553666 33710 18970
711652651650457602 3958 945
711363825979756544 3759 1173
711306686208872448 3400 752
711008018775851008 3068 633
710997087345876993 4682 1426
710844581445812225 2611 715
710833117892898816 2760 552
710658690886586372 2371 581
710609963652087808 4922 2449
710588934686908417 4673 1931
710296729921429505 2439 767
710283270106132480 2198 534
710272297844797440 4656 1284
710269109699739648 2460 1165
710153181850935296 2986 920
710140971284037632 2846 916
710117014656950272 5644 2064
709918798883774466 3064 1097
709901256215666688 693 105
709852847387627521 3606 1238
709566166965075968 3632 1245
709556954897764353 3383 1102
709519240576036864 1529 242
709449600415961088 2290 592
709409458133323776 2692 709
709225125749587968 2466 588
709207347839836162 12905 6034
709198395643068416 2487 665
709179584944730112 2059 690
709158332880297985 2099 433
709042156699303936 4887 1698
708853462201716736 1841 677
708845821941387268 3076 927
708834316713893888 1726 521
708810915978854401 16938 7172
708738143638450176 2819 845
708711088997666817 2616 747
708479650088034305 2622 698
708469915515297792 3174 843
708400866336894977 16426 10468
708356463048204288 3693 1372
708349470027751425 2415 762
708149363256774660 4390 1597
708130923141795840 3482 875
708119489313951744 2757 1016
708109389455101952 1987 561
708026248782585858 4492 1987
707995814724026368 3222 1164
707983188426153984 51 2
707969809498152960 2774 1003
707776935007539200 3375 984
707741517457260545 2562 633
707738799544082433 4206 2562
707693576495472641 3520 1035
707629649552134146 2644 917
707610948723478529 17424 6601
707420581654872064 2338 715
707411934438625280 2346 613
707387676719185920 3599 1342
707377100785885184 3372 1120
707315916783140866 2542 664
707297311098011648 2855 819
707059547140169728 2655 698
707038192327901184 2248 815
707021089608753152 4194 1419
707014260413456384 2364 610
706904523814649856 14987 8118
706901761596989440 2123 617
706681918348251136 3419 1004
706644897839910912 2648 1134
706593038911545345 2221 649
706538006853918722 3557 1467
706516534877929472 3185 1066
706346369204748288 3544 958
706310011488698368 21953 8254
706291001778950144 1750 485
706265994973601792 2810 959
706169069255446529 4019 2306
706166467411222528 5296 1664
706153300320784384 1526 393
705975130514706432 3195 758
705970349788291072 3235 920
705898680587526145 2426 573
705786532653883392 2003 538
705591895322394625 3256 1192
705475953783398401 3033 953
705442520700944385 4561 1684
705428427625635840 3911 1746
705239209544720384 3082 772
705223444686888960 2644 825
705102439679201280 2210 528
705066031337840642 2233 633
704871453724954624 4395 1156
704859558691414016 2316 564
704847917308362754 5244 1588
704819833553219584 2716 1024
704761120771465216 6810 3000
704499785726889984 3010 1039
704491224099647488 780 83
704480331685040129 3485 1098
704364645503647744 8235 3685
704347321748819968 1629 359
704134088924532736 1547 481
704113298707505153 1898 584
704054845121142784 3009 945
703774238772166656 1888 480
703769065844768768 3375 1179
703631701117943808 2663 710
703611486317502464 3962 1574
703425003149250560 3899 1423
703407252292673536 2526 721
703382836347330562 3610 1177
703356393781329922 1966 400
703268521220972544 2023 561
703079050210877440 7605 3206
703041949650034688 27097 12984
702932127499816960 2669 746
702899151802126337 1650 471
702684942141153280 3322 1114
702671118226825216 2261 578
702598099714314240 12533 3557
702539513671897089 2956 991
702332542343577600 3280 1616
702321140488925184 3368 1075
702276748847800320 2541 790
702217446468493312 4936 1387
701981390485725185 3551 1031
701952816642965504 3934 1061
701889187134500865 3639 1439
701805642395348998 3527 1751
701601587219795968 2146 474
701570477911896070 2895 955
701545186879471618 2733 634
701214700881756160 12576 5291
700890391244103680 2276 591
700864154249383937 2665 637
700847567345688576 2516 519
700796979434098688 2509 988
700747788515020802 23529 9683
700518061187723268 2700 826
700505138482569216 2348 594
700462010979500032 4248 1857
700167517596164096 2717 771
700151421916807169 2300 694
700143752053182464 7742 2835
700062718104104960 2728 720
700029284593901568 2131 604
700002074055016451 3413 1388
699801817392291840 3152 991
699788877217865730 2303 519
699779630832685056 2837 1289
699775878809702401 2013 625
699691744225525762 10551 4792
699446877801091073 6108 2716
699434518667751424 2223 527
699423671849451520 1415 341
699413908797464576 2134 638
699370870310113280 1942 452
699323444782047232 3255 898
699088579889332224 2301 656
699079609774645248 2518 679
699072405256409088 3080 1233
699060279947165696 3875 1873
699036661657767936 2675 1235
698989035503689728 3471 1015
698953797952008193 2781 940
698907974262222848 2611 648
698710712454139905 2537 704
698703483621523456 1498 394
698635131305795584 1327 352
698549713696649216 2392 642
698355670425473025 1922 467
698342080612007937 2327 983
698262614669991936 4892 2076
698195409219559425 17268 6182
698178924120031232 2895 769
697995514407682048 1566 344
697990423684476929 3375 1344
697943111201378304 2462 711
697881462549430272 3102 1229
697630435728322560 1800 559
697616773278015490 3249 1045
697596423848730625 3117 1306
697575480820686848 2098 516
697516214579523584 2133 1167
697482927769255936 2484 696
697463031882764288 3510 1435
697270446429966336 4815 1939
697259378236399616 3382 1039
697255105972801536 3111 1204
697242256848379904 2583 693
696900204696625153 3265 1055
696894894812565505 2406 698
696886256886657024 5005 1872
696877980375769088 2508 732
696754882863349760 1525 371
696744641916489729 2126 972
696713835009417216 2441 673
696518437233913856 4017 1773
696490539101908992 1249 147
696488710901260288 2612 1069
696405997980676096 3293 1193
696100768806522880 1990 683
695816827381944320 3094 1213
695794761660297217 3258 807
695767669421768709 1923 774
695629776980148225 4702 2174
695446424020918272 4510 1883
695409464418041856 8908 3711
695314793360662529 3739 1516
695095422348574720 2708 639
695074328191332352 2926 1146
695064344191721472 1643 621
695051054296211456 2739 814
694925794720792577 2766 948
694905863685980160 2825 967
694669722378485760 36813 14969
694356675654983680 1550 296
694352839993344000 2100 640
694342028726001664 1610 497
694329668942569472 2054 518
694206574471057408 4291 2101
694183373896572928 3030 966
694001791655137281 3494 1067
693993230313091072 1925 417
693942351086120961 1787 381
693647888581312512 2770 611
693644216740769793 1381 129
693642232151285760 2610 427
693629975228977152 2520 825
693622659251335168 1585 381
693590843962331137 5198 2045
693582294167244802 1693 262
693486665285931008 1833 655
693280720173801472 3457 1278
693267061318012928 2454 842
693262851218264065 2287 517
693231807727280129 2947 757
693155686491000832 8101 3333
693109034023534592 1772 641
693095443459342336 1918 481
692919143163629568 2737 780
692905862751522816 2508 909
692901601640583168 1825 622
692894228850999298 2343 835
692828166163931137 2960 912
692752401762250755 7020 3764
692568918515392513 4476 1597
692535307825213440 3272 1418
692530551048294401 1893 429
692423280028966913 1522 239
692417313023332352 9596 3611
692187005137076224 2598 849
692158366030913536 2205 815
692142790915014657 1692 408
692041934689402880 3493 1317
692017291282812928 2947 991
691820333922455552 4066 1727
691793053716221953 8362 4377
691756958957883396 2957 1050
691675652215414786 2003 525
691483041324204033 2451 580
691459709405118465 4161 1192
691444869282295808 2733 875
691416866452082688 19880 7933
691321916024623104 2644 680
691096613310316544 3044 913
691090071332753408 1761 348
690989312272396288 6074 2982
690959652130045952 3688 1302
690938899477221376 4241 2066
690932576555528194 3385 1068
690735892932222976 3897 1314
690728923253055490 2240 536
690690673629138944 2391 832
690649993829576704 1349 288
690607260360429569 302 17
690597161306841088 2019 633
690400367696297985 1928 469
690374419777196032 3350 882
690360449368465409 2728 926
690348396616552449 1551 536
690248561355657216 1725 428
690021994562220032 2870 1069
690015576308211712 2580 765
690005060500217858 3766 1754
689999384604450816 1469 386
689993469801164801 1501 468
689977555533848577 1407 466
689905486972461056 2502 719
689877686181715968 3116 1222
689835978131935233 2224 777
689661964914655233 3297 961
689659372465688576 10662 4042
689623661272240129 2293 664
689599056876867584 11986 5747
689557536375177216 2109 473
689517482558820352 3503 1483
689289219123089408 2319 977
689283819090870273 3379 1149
689280876073582592 2045 742
689275259254616065 1184 252
689255633275777024 2632 1120
689154315265683456 3161 1033
689143371370250240 2066 527
688916208532455424 2808 904
688908934925697024 2175 806
688898160958271489 2161 818
688894073864884227 2303 720
688828561667567616 1416 386
688804835492233216 990 198
688789766343622656 2285 683
688547210804498433 2690 728
688519176466644993 2387 754
688385280030670848 9555 4634
688211956440801280 2294 862
688179443353796608 2184 609
688116655151435777 2915 809
688064179421470721 1782 372
687841446767013888 5627 2621
687826841265172480 2819 1172
687818504314159109 2557 989
687807801670897665 2465 734
687732144991551489 1811 685
687704180304273409 2509 873
687664829264453632 1996 524
687494652870668288 1959 593
687480748861947905 1647 250
687476254459715584 2040 554
687460506001633280 2121 564
687399393394311168 1954 644
687317306314240000 20727 9511
687312378585812992 4490 1968
687127927494963200 5625 2383
687124485711986689 2237 518
687109925361856513 5989 2563
687102708889812993 2408 1019
687096057537363968 2309 625
686947101016735744 8861 3308
686760001961103360 3632 1433
686749460672679938 3584 1511
686730991906516992 4269 1245
686683045143953408 2907 837
686618349602762752 3801 1415
686606069955735556 1957 563
686394059078897668 1788 709
686386521809772549 3355 913
686377065986265092 2279 587
686358356425093120 2258 703
686286779679375361 4121 1729
686050296934563840 2266 750
686035780142297088 1190 124
686034024800862208 3210 1202
686007916130873345 2565 433
686003207160610816 1880 665
685973236358713344 2173 540
685943807276412928 1676 621
685906723014619143 7733 3029
685681090388975616 2091 130
685667379192414208 2416 594
685663452032069632 3354 1521
685641971164143616 3021 813
685547936038666240 33938 16329
685532292383666176 3126 1205
685325112850124800 9764 4143
685321586178670592 2729 671
685315239903100929 3444 1115
685307451701334016 2135 460
685268753634967552 3197 1247
685198997565345792 2407 692
685169283572338688 4227 1481
684969860808454144 2439 387
684959798585110529 7015 3253
684940049151070208 3319 1084
684926975086034944 3601 483
684914660081053696 3614 1531
684902183876321280 1934 554
684880619965411328 2164 854
684830982659280897 36091 22507
684800227459624960 2802 1041
684594889858887680 9190 3662
684588130326986752 4232 1461
684567543613382656 3106 1275
684538444857667585 2725 993
684481074559381504 3996 1218
684460069371654144 2040 575
684241637099323392 8406 3434
684225744407494656 1273 218
684222868335505415 3945 1427
684200372118904832 2227 1069
684195085588783105 1971 538
684188786104872960 3587 1223
684177701129875456 2071 697
684147889187209216 3068 1559
684122891630342144 2061 491
684097758874210310 4238 1490
683857920510050305 3915 1159
683852578183077888 1982 365
683849932751646720 2681 1012
683834909291606017 2707 1155
683828599284170753 2889 1104
683773439333797890 3438 1407
683742671509258241 6689 3462
683515932363329536 7557 3026
683498322573824003 3265 1004
683481228088049664 2726 1039
683462770029932544 2500 700
683449695444799489 4014 1676
683391852557561860 7857 2482
683357973142474752 3012 967
683142553609318400 2970 1084
683111407806746624 3499 945
683098815881154561 2227 687
683078886620553216 2039 582
683030066213818368 2218 761
682962037429899265 38028 17342
682808988178739200 1829 187
682788441537560576 2540 1161
682750546109968385 1563 458
682697186228989953 1348 375
682662431982772225 3142 1131
682638830361513985 2120 632
682429480204398592 3531 1207
682406705142087680 7805 1835
682393905736888321 2299 709
682389078323662849 1710 487
682303737705140231 3161 1042
682259524040966145 4280 1259
682242692827447297 3351 1224
682088079302213632 18824 10293
682059653698686977 5092 1759
682047327939461121 3284 996
682032003584274432 6776 2099
682003177596559360 3233 1590
681981167097122816 2885 1073
681891461017812993 2538 851
681694085539872773 13159 4225
681679526984871937 1817 465
681654059175129088 2715 969
681610798867845120 1965 496
681579835668455424 3643 1355
681523177663676416 14720 6023
681340665377193984 1686 293
681339448655802368 9557 4235
681320187870711809 2721 781
681302363064414209 4060 1897
681297372102656000 3298 998
681281657291280384 3308 1146
681261549936340994 1497 287
681242418453299201 1529 558
681231109724700672 2473 506
681193455364796417 3806 1545
680970795137544192 2484 691
680959110691590145 4697 2079
680940246314430465 3297 1094
680934982542561280 2132 454
680913438424612864 2468 644
680889648562991104 1811 379
680836378243002368 3553 1379
680805554198020098 2211 687
680801747103793152 2439 854
680798457301471234 2927 1081
680609293079592961 2708 739
680583894916304897 3721 1395
680497766108381184 4357 1985
680494726643068929 1767 503
680473011644985345 2618 773
680440374763077632 1493 525
680221482581123072 1500 303
680206703334408192 2916 1225
680191257256136705 2204 524
680176173301628928 4001 1625
680161097740095489 2387 766
680145970311643136 3706 1818
680130881361686529 2347 983
680115823365742593 2787 936
680100725817409536 3671 1426
680085611152338944 13139 9303
680070545539371008 2649 911
679877062409191424 2024 673
679872969355714560 2238 690
679862121895714818 2512 649
679854723806179328 2933 1281
679844490799091713 2429 790
679828447187857408 37230 14547
679777920601223168 3165 1154
679736210798047232 2145 827
679729593985699840 2220 855
679722016581222400 1694 487
679530280114372609 4897 2160
679527802031484928 2705 751
679511351870550016 3456 1312
679503373272485890 3221 1528
679475951516934144 2141 659
679462823135686656 32525 19550
679405845277462528 2426 1249
679158373988876288 21931 8379
679148763231985668 2841 1070
679132435750195208 3041 1204
679111216690831360 6115 2656
679062614270468097 17447 8480
679047485189439488 2299 700
679001094530465792 2901 1273
678991772295516161 2368 1218
678969228704284672 1683 481
678800283649069056 2640 935
678798276842360832 3538 1216
678774928607469569 2871 948
678767140346941444 3621 1412
678764513869611008 1676 492
678755239630127104 7296 3402
678740035362037760 3847 1742
678708137298427904 5708 2510
678675843183484930 2928 1528
678643457146150913 2095 438
678446151570427904 4094 1617
678424312106393600 5541 2625
678410210315247616 4332 1881
678399652199309312 80950 32864
678396796259975168 1627 432
678389028614488064 1913 437
678380236862578688 2493 940
678341075375947776 1764 552
678334497360859136 1328 266
678278586130948096 11675 6277
678255464182861824 1625 379
678023323247357953 1967 394
678021115718029313 14022 6551
677961670166224897 3489 1736
677918531514703872 1378 426
677895101218201600 4932 2164
677716515794329600 3124 996
677700003327029250 3458 1491
677698403548192770 1256 332
677687604918272002 2531 870
677673981332312066 3392 1546
677662372920729601 1976 995
677644091929329666 1890 823
677573743309385728 2174 742
677565715327688705 1322 471
677557565589463040 2486 1189
677547928504967168 7053 3763
677530072887205888 1091 235
677335745548390400 3094 1844
677334615166730240 1374 297
677331501395156992 1113 241
677328882937298944 3699 1548
677314812125323265 1671 547
677301033169788928 1257 418
677269281705472000 2033 724
677228873407442944 3603 1683
677187300187611136 2788 951
676975532580409345 2830 1106
676957860086095872 2260 832
676949632774234114 1330 408
676948236477857792 2215 892
676946864479084545 1747 386
676942428000112642 2110 774
676936541936185344 12921 5036
676916996760600576 3013 1838
676897532954456065 2288 738
676864501615042560 2132 730
676821958043033607 23419 16030
676819651066732545 1834 688
676811746707918848 1438 436
676776431406465024 5075 2070
676617503762681856 2944 1008
676613908052996102 1097 203
676606785097199616 1911 449
676603393314578432 1176 390
676593408224403456 4643 2203
676590572941893632 924 128
676588346097852417 2348 809
676582956622721024 1216 288
676575501977128964 2627 1145
676533798876651520 1900 569
676496375194980353 1539 542
676470639084101634 11767 4796
676440007570247681 1742 686
676430933382295552 1416 355
676263575653122048 2103 564
676237365392908289 1237 299
676219687039057920 76552 31757
676215927814406144 1767 598
676191832485810177 2309 1061
676146341966438401 1937 675
676121918416756736 2182 1188
676101918813499392 2849 1192
676098748976615425 3044 1467
676089483918516224 1330 446
675898130735476737 1641 586
675891555769696257 2157 881
675888385639251968 2413 982
675878199931371520 4213 1430
675870721063669760 1655 584
675853064436391936 2719 1327
675849018447167488 944 149
675845657354215424 2300 905
675822767435051008 1540 550
675820929667219457 1061 238
675798442703122432 10363 3460
675781562965868544 1640 484
675740360753160193 1181 355
675710890956750848 1905 834
675707330206547968 2000 706
675706639471788032 648 100
675534494439489536 1836 428
675531475945709568 1195 391
675522403582218240 1048 294
675517828909424640 1301 469
675501075957489664 17306 5937
675497103322386432 3172 1324
675489971617296384 1312 613
675483430902214656 1851 993
675432746517426176 1539 578
675372240448454658 1699 522
675362609739206656 1056 236
675354435921575936 32990 17381
675349384339542016 3953 2306
675334060156301312 2796 1321
675166823650848770 3638 1637
675153376133427200 6328 2639
675149409102012420 3760 1710
675147105808306176 945 241
675146535592706048 1201 317
675145476954566656 2149 918
675135153782571009 1305 502
675113801096802304 1959 797
675111688094527488 971 259
675109292475830276 2816 1151
675047298674663426 1067 334
675015141583413248 2720 1212
675006312288268288 995 232
675003128568291329 1568 481
674999807681908736 2260 1117
674805413498527744 862 361
674800520222154752 3038 871
674793399141146624 2520 1102
674790488185167872 1112 252
674788554665512960 819 214
674781762103414784 2009 1217
674774481756377088 1123 480
674767892831932416 1835 801
674764817387900928 789 242
674754018082705410 1368 454
674752233200820224 1466 475
674743008475090944 1414 559
674742531037511680 491 51
674739953134403584 1113 396
674737130913071104 650 95
674690135443775488 1150 474
674670581682434048 1607 660
674664755118911488 925 257
674646392044941312 1447 500
674644256330530816 1026 270
674638615994089473 1690 591
674632714662858753 1510 586
674606911342424069 941 102
674468880899788800 6254 2068
674447403907457024 1065 361
674436901579923456 1119 397
674422304705744896 1439 547
674416750885273600 681 143
674410619106390016 1203 472
674394782723014656 1513 581
674372068062928900 850 321
674330906434379776 564 74
674318007229923329 1428 523
674307341513269249 11359 7043
674291837063053312 14779 5956
674271431610523648 1576 742
674269164442398721 908 228
674265582246694913 1658 861
674262580978937856 1305 461
674255168825880576 1469 560
674082852460433408 756 173
674075285688614912 984 292
674063288070742018 6380 2231
674053186244734976 3326 1314
674051556661161984 1449 495
674045139690631169 1426 648
674042553264685056 726 130
674038233588723717 1103 420
674036086168010753 848 213
674024893172875264 1789 1233
674019345211760640 1129 305
674014384960745472 1565 650
674008982932058114 1200 362
673956914389192708 1949 968
673919437611909120 1171 376
673906403526995968 3198 1639
673887867907739649 928 254
673716320723169284 3082 755
673715861853720576 3547 2094
673711475735838725 1039 302
673709992831262724 848 278
673708611235921920 1081 292
673707060090052608 1097 396
673705679337693185 1250 406
673700254269775872 1440 572
673697980713705472 3802 1964
673689733134946305 1736 658
673688752737402881 1266 501
673686845050527744 1435 446
673680198160809984 1373 473
673662677122719744 1252 366
673656262056419329 718 244
673636718965334016 1102 362
673612854080196609 1596 730
673583129559498752 1185 367
673580926094458881 836 274
673576835670777856 1388 566
673363615379013632 1021 309
673359818736984064 1450 677
673355879178194945 1490 579
673352124999274496 1654 540
673350198937153538 747 216
673345638550134785 2497 1279
673343217010679808 970 273
673342308415348736 1271 588
673320132811366400 13444 7981
673317986296586240 874 262
673295268553605120 7514 3177
673270968295534593 1058 369
673240798075449344 1417 737
673213039743795200 2244 847
673148804208660480 1679 634
672997845381865473 1974 727
672995267319328768 952 295
672988786805112832 981 295
672984142909456390 1255 547
672980819271634944 1819 1018
672975131468300288 1672 910
672970152493887488 942 360
672968025906282496 1309 549
672964561327235073 1413 642
672902681409806336 1359 511
672898206762672129 904 428
672884426393653248 1541 841
672877615439593473 1030 366
672834301050937345 1308 572
672828477930868736 1255 495
672640509974827008 975 327
672622327801233409 1297 494
672614745925664768 1218 591
672609152938721280 1110 389
672604026190569472 1107 402
672594978741354496 1325 611
672591762242805761 945 336
672591271085670400 719 184
672538107540070400 1028 367
672523490734551040 636 173
672488522314567680 1109 442
672482722825261057 1127 604
672481316919734272 716 125
672475084225949696 1422 703
672466075045466113 1352 538
672272411274932228 6429 3391
672267570918129665 1494 618
672264251789176834 1134 339
672256522047614977 2802 1554
672254177670729728 1423 745
672248013293752320 1714 608
672245253877968896 682 160
672239279297454080 891 324
672231046314901505 1827 1016
672222792075620352 780 214
672205392827572224 2258 1162
672169685991993344 1013 370
672160042234327040 871 359
672139350159835138 1745 703
672125275208069120 2395 1145
672095186491711488 1002 372
672082170312290304 936 368
672068090318987265 1285 520
671896809300709376 8472 4167
671891728106971137 1327 577
671882082306625538 3452 1381
671879137494245376 1410 681
671874878652489728 1243 559
671866342182637568 1106 500
671855973984772097 902 443
671789708968640512 7040 3492
671768281401958400 1187 519
671763349865160704 1671 922
671744970634719232 1349 778
671743150407421952 744 235
671735591348891648 1436 757
671729906628341761 8475 4361
671561002136281088 12758 7236
671550332464455680 910 208
671547767500775424 1345 601
671544874165002241 1967 1048
671542985629241344 1086 564
671538301157904385 924 398
671536543010570240 1164 408
671533943490011136 1012 585
671528761649688577 840 263
671520732782923777 1397 531
671518598289059840 950 292
671511350426865664 1600 722
671504605491109889 6986 3544
671497587707535361 911 448
671488513339211776 1009 469
671486386088865792 575 203
671485057807351808 759 233
671390180817915904 1429 738
671362598324076544 1100 295
671357843010908160 398 148
671355857343524864 480 115
671347597085433856 952 429
671186162933985280 733 211
671182547775299584 1113 346
671166507850801152 866 353
671163268581498880 1652 1105
671159727754231808 368 82
671154572044468225 708 220
671151324042559489 667 156
671147085991960577 669 228
671141549288370177 1152 661
671138694582165504 916 403
671134062904504320 745 197
671122204919246848 3477 2521
671115716440031232 1363 780
671109016219725825 1134 441
670995969505435648 1103 292
670842764863651840 24510 8703
670840546554966016 589 193
670838202509447168 1099 696
670833812859932673 440 123
670832455012716544 729 217
670826280409919488 5511 4054
670823764196741120 771 190
670822709593571328 608 94
670815497391357952 3158 1538
670811965569282048 1120 272
670807719151067136 1150 495
670804601705242624 1944 962
670803562457407488 339 87
670797304698376195 735 238
670792680469889025 822 280
670789397210615808 655 243
670786190031921152 600 201
670783437142401025 817 392
670782429121134593 1551 771
670780561024270336 782 288
670778058496974848 324 74
670764103623966721 1066 418
670755717859713024 435 110
670733412878163972 956 513
670727704916926465 821 361
670717338665226240 1198 498
670704688707301377 767 373
670691627984359425 589 247
670679630144274432 743 280
670676092097810432 244 43
670668383499735048 10663 5029
670474236058800128 1508 748
670468609693655041 349 86
670465786746662913 971 552
670452855871037440 547 205
670449342516494336 1189 661
670444955656130560 6705 1984
670442337873600512 640 199
670435821946826752 1048 515
670434127938719744 1395 649
670433248821026816 327 114
670428280563085312 1368 623
670427002554466305 522 164
670421925039075328 1299 629
670420569653809152 627 316
670417414769758208 567 318
670411370698022913 2010 893
670408998013820928 553 224
670403879788544000 430 156
670385711116361728 553 207
670374371102445568 745 270
670361874861563904 326 66
670338931251150849 421 110
670319130621435904 3856 1227
670303360680108032 427 133
670290420111441920 699 285
670093938074779648 1019 333
670086499208155136 694 251
670079681849372674 2213 1232
670073503555706880 1571 788
670069087419133954 622 239
670061506722140161 763 341
670055038660800512 667 333
670046952931721218 642 175
670040295598354432 751 113
670037189829525505 584 274
670003130994700288 332 93
669993076832759809 325 85
669972011175813120 444 159
669970042633789440 301 60
669942763794931712 500 164
669926384437997569 370 102
669923323644657664 232 57
669753178989142016 804 398
669749430875258880 264 65
669684865554620416 511 89
669683899023405056 386 112
669682095984410625 346 135
669680153564442624 661 291
669661792646373376 799 437
669625907762618368 3510 1818
669603084620980224 943 366
669597912108789760 511 151
669583744538451968 1486 927
669573570759163904 433 140
669571471778410496 1584 1016
669567591774625800 233 55
669564461267722241 383 124
669393256313184256 363 75
669375718304980992 1323 730
669371483794317312 495 182
669367896104181761 458 156
669363888236994561 614 225
669359674819481600 369 122
669354382627049472 2695 1280
669353438988365824 638 264
669351434509529089 435 186
669328503091937280 1014 420
669327207240699904 572 115
669324657376567296 495 208
669216679721873412 1186 404
669214165781868544 435 165
669203728096960512 999 477
669037058363662336 650 312
669015743032369152 738 375
669006782128353280 572 249
669000397445533696 20806 6370
668994913074286592 438 230
668992363537309700 740 348
668989615043424256 676 331
668988183816871936 891 471
668986018524233728 549 171
668981893510119424 533 306
668979806671884288 792 353
668975677807423489 1298 581
668967877119254528 146 22
668960084974809088 698 237
668955713004314625 276 72
668932921458302977 261 58
668902994700836864 314 102
668892474547511297 394 152
668872652652679168 519 301
668852170888998912 451 167
668826086256599040 431 138
668815180734689280 571 268
668779399630725120 704 374
668655139528511488 527 219
668645506898350081 883 528
668643542311546881 872 532
668641109086707712 1074 539
668636665813057536 1032 488
668633411083464705 2790 1635
668631377374486528 710 316
668627278264475648 315 114
668625577880875008 383 134
668623201287675904 1414 763
668620235289837568 198 42
668614819948453888 610 314
668587383441514497 1664 1072
668567822092664832 241 53
668544745690562560 509 221
668542336805281792 451 217
668537837512433665 250 74
668528771708952576 456 226
668507509523615744 321 106
668496999348633600 410 132
668484198282485761 419 234
668480044826800133 456 147
668466899341221888 877 517
668297328638447616 614 296
668291999406125056 239 29
668286279830867968 500 136
668274247790391296 816 229
668268907921326080 548 234
668256321989451776 1296 610
668248472370458624 976 484
668237644992782336 6160 2840
668226093875376128 296 102
668221241640230912 509 196
668204964695683073 552 194
668190681446379520 654 195
668171859951755264 484 195
668154635664932864 488 313
668142349051129856 566 280
668113020489474048 661 238
667937095915278337 1247 783
667924896115245057 297 113
667915453470232577 208 55
667911425562669056 488 303
667902449697558528 843 373
667886921285246976 1870 1087
667885044254572545 807 478
667878741721415682 388 117
667873844930215936 620 401
667866724293877760 2984 1022
667861340749471744 237 77
667832474953625600 290 62
667806454573760512 1045 491
667801013445750784 326 96
667793409583771648 693 330
667782464991965184 404 244
667773195014021121 234 56
667766675769573376 439 214
667728196545200128 376 148
667724302356258817 477 316
667550904950915073 0 35
667550882905632768 0 33
667549055577362432 5727 2261
667546741521195010 333 123
667544320556335104 851 523
667538891197542400 202 65
667534815156183040 809 528
667530908589760512 459 235
667524857454854144 1675 1096
667517642048163840 366 190
667509364010450944 6711 2102
667502640335572993 528 216
667495797102141441 510 265
667491009379606528 525 223
667470559035432960 251 97
667455448082227200 188 59
667453023279554560 306 88
667443425659232256 770 570
667437278097252352 444 234
667435689202614272 303 83
667405339315146752 458 219
667393430834667520 190 54
667369227918143488 359 162
667211855547486208 484 241
667200525029539841 603 259
667192066997374976 380 103
667188689915760640 736 411
667182792070062081 14163 6106
667177989038297088 188 55
667176164155375616 604 458
667174963120574464 237 81
667171260800061440 218 85
667165590075940865 2642 1125
667160273090932737 253 61
667152164079423490 47031 16774
667138269671505920 4538 2170
667119796878725120 324 127
667090893657276420 329 125
667073648344346624 394 122
667070482143944705 82 14
667065535570550784 163 46
667062181243039745 214 53
667044094246576128 182 50
667012601033924608 439 220
666996132027977728 240 92
666983947667116034 2512 968
666837028449972224 802 546
666835007768551424 209 79
666826780179869698 248 94
666817836334096384 504 246
666804364988780544 231 91
666786068205871104 741 478
666781792255496192 377 186
666776908487630848 340 171
666739327293083650 229 64
666701168228331520 423 213
666691418707132416 185 46
666649482315059201 1096 606
666644823164719104 227 77
666454714377183233 505 205
666447344410484738 99 19
666437273139982337 119 47
666435652385423360 160 52
666430724426358785 306 190
666428276349472768 159 81
666421158376562688 309 112
666418789513326592 118 44
666411507551481857 426 318
666407126856765440 103 37
666396247373291520 161 81
666373753744588802 179 87
666362758909284353 752 546
666353288456101888 211 71
666345417576210432 282 130
666337882303524864 189 88
666293911632134144 483 339
666287406224695296 141 63
666273097616637952 166 75
666268910803644416 99 34
666104133288665088 13868 6249
666102155909144576 75 11
666099513787052032 147 64
666094000022159362 158 69
666082916733198337 109 43
666073100786774016 311 153
666071193221509120 140 55
666063827256086533 457 206
666058600524156928 108 56
666057090499244032 282 134
666055525042405380 420 229
666051853826850816 1179 817
666050758794694657 129 56
666049248165822465 103 41
666044226329800704 286 135
666033412701032449 121 43
666029285002620928 125 46
666020888022790149 2495 487
